269121
269115
212495
192354
131286
88930
86398
80476
78224
77800
60896
57475
40834
36911
34895
34811
34781
33871
32852
32731
31108
28286
25244
24903
21516
19922
19419
19326
19133
18985
18563
18463
16659
16268
16119
15740
15386
15210
14559
14365
14070
14065
13981
13785
13238
13057
12425
12388
11956
11192
11053
10935
10784
9721
9633
9467
9161
9127
9124
9069
9040
8962
8931
8868
8399
8273
8172
8087
8051
8049
8002
7770
7710
7682
7415
7344
7291
7265
7251
7204
7132
7048
6862
6827
6827
6788
6750
6694
6543
6539
6341
6340
6290
6289
6163
6126
5972
5863
5797
5794
5608
5601
5459
5381
5323
5294
5237
5230
5212
5189
4967
4963
4913
4868
4852
4824
4733
4709
4671
4660
4653
4635
4630
4577
4526
4514
4497
4468
4458
4445
4418
4385
4371
4351
4127
4077
4037
4022
3836
3821
3797
3793
3667
3645
3642
3623
3609
3606
3589
3574
3572
3570
3552
3545
3530
3490
3442
3374
3359
3348
3347
3342
3338
3202
3201
3125
3090
3084
3050
2960
2922
2918
2875
2861
2778
2716
2643
2640
2580
2560
2551
2531
2497
2496
2483
2396
2386
2385
2351
2350
2345
2343
2277
2232
2225
2221
2208
2185
2181
2148
2128
2119
2098
2080
2043
1999
1964
1949
1937
1930
1922
1889
1884
1870
1834
1778
1772
1766
1761
1757
1738
1727
1715
1713
1697
1652
1650
1639
1629
1621
1616
1615
1608
1592
1588
1567
1559
1555
1554
1550
1544
1539
1536
1535
1533
1516
1499
1488
1484
1480
1459
1455
1438
1436
1431
1419
1404
1398
1394
1393
1373
1371
1369
1355
1345
1341
1338
1329
1323
1303
1301
1301
1286
1266
1263
1261
1261
1254
1242
1240
1235
1214
1210
1204
1203
1195
1188
1183
1182
1181
1172
1166
1163
1163
1162
1150
1148
1139
1131
1129
1127
1127
1123
1117
1112
1104
1100
1097
1096
1096
1094
1070
1068
1066
1057
1055
1055
1052
1048
1042
1031
1031
1030
1027
1024
1022
1017
1014
1006
1004
1002
998
996
994
994
983
972
967
957
955
954
952
950
949
946
943
938
938
935
932
929
923
923
923
918
916
915
909
909
907
907
907
906
903
903
901
899
899
899
899
897
895
891
890
886
885
883
872
866
861
859
856
855
849
849
848
848
847
847
846
845
845
840
838
832
831
830
830
827
826
824
821
820
814
813
810
807
805
801
797
792
790
787
786
786
786
786
784
782
781
780
779
778
777
776
776
771
769
769
768
768
767
765
764
763
762
757
753
752
751
749
747
746
746
744
739
737
736
735
733
732
731
728
723
723
722
722
719
718
715
713
712
712
711
710
708
707
706
705
703
703
702
701
700
699
699
697
696
695
694
694
691
690
688
688
687
687
685
683
681
677
676
676
675
675
673
673
672
672
671
