55747
49980
40002
29302
21400
19033
16433
15595
14676
14600
13535
12906
12633
12143
11750
11704
11367
10805
10789
10590
10582
10305
9885
9756
9669
9400
9371
9076
9008
8791
8789
8763
8762
8738
8734
8615
8415
8269
7973
7604
7218
7131
7130
7126
7119
6866
6828
6750
6701
6689
6521
6454
6330
6017
5999
5947
5812
5615
5560
5459
5391
5280
5197
5182
5176
5156
5150
5056
5014
4977
4962
4958
4922
4900
4853
4836
4805
4767
4656
4545
4544
4535
4517
4511
4500
4497
4488
4478
4472
4470
4464
4450
4437
4420
4419
4415
4413
4413
4406
4405
4405
4402
4401
4399
4399
4396
4396
4395
4395
4394
4391
4388
4386
4385
4383
4380
4378
4378
4378
4377
4376
4376
4375
4374
4373
4372
4372
4372
4372
4370
4369
4369
4369
4364
4361
4360
4360
4353
4351
4285
4278
4265
4202
4200
4193
4181
4181
4180
3878
3795
3761
3722
3714
3708
3700
3689
3671
3647
3642
3637
3636
3635
3634
3627
3625
3606
3605
3593
3592
3591
3585
3583
3576
3576
3575
3571
3559
3557
3554
3554
3550
3547
3543
3541
3539
3536
3515
3515
3509
3507
3496
3495
3495
3486
3482
3453
3448
3446
3444
3440
3428
3403
3369
3338
3326
3326
3325
3320
3316
3302
3299
3293
3261
3260
3184
3167
3165
3158
3146
3127
3127
3115
3106
3037
3017
2980
2950
2932
2892
2871
2847
2790
2769
2755
2754
2747
2724
2671
2659
2616
2572
2572
2537
2536
2530
2522
2521
2514
2514
2504
2476
2467
2436
2422
2381
2357
2334
2333
2311
2309
2305
2289
2285
2249
2241
2239
2184
2175
2144
2141
2082
2075
2067
2053
2040
2038
2021
1956
1946
1935
1934
1891
1885
1880
1877
1876
1859
1858
1850
1835
1818
1814
1811
1797
1790
1747
1744
1735
1716
1700
1696
1640
1636
1634
1625
1623
1612
1593
1586
1567
1538
1520
1503
1498
1494
1479
1458
1442
1419
1417
1412
1411
1391
1384
1384
1382
1354
1350
1341
1325
1304
1290
1281
1270
1266
1251
1234
1230
1215
1200
1190
1185
1166
1154
1147
1147
1143
1140
1135
1133
1127
1125
1117
1114
1113
1098
1093
1083
1071
1060
1060
1054
1046
1046
1043
1042
1041
1039
994
988
986
973
967
965
959
954
950
947
935
912
902
892
881
879
876
876
875
867
866
864
860
858
856
854
847
847
844
844
842
841
838
836
836
834
833
831
829
829
825
823
821
821
818
814
814
813
812
809
808
806
806
806
804
804
803
802
801
801
801
801
797
795
795
795
794
794
793
793
792
783
783
782
777
777
770
762
762
758
754
752
749
744
739
738
734
733
733
720
718
716
713
712
710
709
704
703
700
699
697
693
690
688
686
681
678
676
674
670
670
669
666
666
664
660
659
658
650
649
646
646
646
641
640
640
640
638
637
636
630
630
